# the units of these inputs must be in moles A per mol air
ISOP: 9.99361414758272e-10
ISOPOO: 0
HO2: 0
ISOPOOH: 0
MACR: 0
MVK: 0
IEPOX: 0
IEPOXOO: 0
GLYC: 0
GLYX: 9.99361414758272e-11
MGLY: 9.99361414758272e-11
CO: 1.49904212213741e-07
HOOH: 9.99361414758272e-10
OH: 4.06244477544013e-14
FORM: 4.99680707379136e-10
FORMIC: 0
HAC: 0
HC5: 0
GLYCAC: 0
GLYAC: 0
PYRAC: 0
OXLAC: 0
ACETIC: 9.99361414758272e-13
SO2: 9.99361414758272e-10
MACP: 0
CH3CO3: 0
MVKP: 0
CH3OO: 0
HC5OO: 4.06244477544013e-14
NO: 0
NO2: 1.49904212213741e-09
NO3: 0
N2O5: 0
HNO3: 2.99808424427482e-10
HONO: 0
HNO4: 0
O3: 3.99744565903309e-08
O1D: 0
O3P: 0
C2H2: 4.99680707379136e-10
OLT: 9.99361414758272e-11
ALD: 9.99361414758272e-11
OP2: 9.99361414758272e-12
CH3O: 0
XO2: 0
KET: 9.99361414758272e-11
CH3OH: 1.99872282951654e-09
CH3O2H: 9.99361414758272e-12
DCB: 0
OLI: 0
PAN: 9.99361414758272e-12
OLTP: 0
OLIP: 0
KETP: 0
TCO3: 0
HC3P: 0
TOL: 9.99361414758272e-12
CSL: 9.99361414758272e-13
XYL: 9.99361414758272e-12
TOL_EPOX: 0
XYL_EPOX: 0
APN: 9.99361414758272e-13
ETHP: 0
ONIT: 0
FURANONES: 0
AROMATIC_KETONES: 0
UNSAT_ALDEHYDES: 0
MCSL: 0
POLY_FXNAL_AROMATIC: 0
EPXC4DIAL: 0
EPXC4MDIAL: 0
H2SO4: 0
NH3: 0